# ====================================================================
#	*** The Santa Fe Stockmarket ***
#  Version 6.21.23B (Anwender@BANK99) - Apr 23 2003
#  Run 1 (pauljohn@pjdell) - Wed Apr 23 11:17:12 2003
# --------------------------------------------------------------------
# t p d/r +v random pr/d>7/8 p>p5 p>p20 p>p100 p>p500
    0 114.992 114.992  0.000 0 1 0 0 0 1
10000  64.716  82.205 5477.401 1 0 1 1 0 0
20000  96.804 119.635 2334.985 0 0 1 1 1 1
30000  69.015  89.218 2377.225 1 0 0 0 0 0
40000  84.634 106.589 2283.950 1 0 0 0 0 0
50000  45.991  63.511 2390.225 0 0 0 0 0 0
60000  88.466 108.628 2422.657 0 0 0 0 0 1
70000  96.957 117.147 2355.465 0 0 1 1 1 1
80000  60.392  77.760 2384.648 1 0 1 1 0 0
90000  70.419  88.007 2388.846 0 0 0 0 1 1
100000  79.163  98.095 2335.502 1 0 1 0 0 0
110000  78.410  96.595 2309.345 0 0 1 1 0 0
120000  73.732  91.125 2314.766 0 0 0 0 0 0
130000  78.568  98.623 2401.355 0 0 1 1 1 1
140000  69.459  87.993 2294.026 0 0 0 0 1 0
150000 102.851 121.753 2258.540 0 0 1 1 1 1
160000  74.626  92.815 2300.863 1 0 1 0 1 1
170000  85.337 104.639 2198.918 1 0 0 0 0 0
180000  72.277  92.510 2354.653 1 0 1 0 0 0
190000  91.579 109.311 2278.904 1 0 0 1 1 1
200000  91.377 112.816 2285.464 1 0 0 1 1 1
